+----+------+--------+-------------------+------------------------+---------------+
| id | hour | minute | origin_airport_id | destination_airport_id |     city      |
+----+------+--------+-------------------+------------------------+---------------+
| 1  | 17   | 50     | 8                 | 7                      | Dubai         |
| 4  | 9    | 28     | 1                 | 8                      | Fiftyville    |
| 6  | 13   | 49     | 8                 | 5                      | Dallas        |
| 17 | 20   | 16     | 8                 | 4                      | New York City |
| 19 | 21   | 15     | 2                 | 8                      | Fiftyville    |
| 20 | 15   | 22     | 6                 | 8                      | Fiftyville    |
| 22 | 12   | 51     | 1                 | 8                      | Fiftyville    |
| 27 | 8    | 35     | 5                 | 8                      | Fiftyville    |
| 33 | 17   | 58     | 6                 | 8                      | Fiftyville    |
| 34 | 17   | 20     | 8                 | 5                      | Dallas        |
| 35 | 16   | 16     | 8                 | 4                      | New York City |
| 40 | 13   | 47     | 7                 | 8                      | Fiftyville    |
| 41 | 14   | 14     | 3                 | 8                      | Fiftyville    |
| 51 | 18   | 3      | 4                 | 8                      | Fiftyville    |
+----+------+--------+-------------------+------------------------+---------------+
